4
62
123
190
191
196
204
234
243
248
274
285
296
307
310
313
318
320
322
373
439
440
460
584
589
599
617
623
644
651
687
688
730
785
794
824
838
863
893
908
918
974
980
1015
1071
1075
1084
1087
1123
1135
1138
1149
1160
1185
1214
1244
1250
1253
1260
1266
1285
1291
1292
1308
1325
1326
1339
1340
1370
1375
1381
1384
1445
1456
1502
1509
1511
1513
1532
1557
1574
1593
1602
1603
1643
1652
1653
1667
1715
1728
1745
1800
1801
1856
1858
1867
1888
1897
1902
1906
1921
1942
1948
1954
1961
1962
1966
1979
1990
2016
2032
2079
2082
2084
2102
2110
2129
2160
2190
2223
2267
2278
2283
2332
2351
2375
2380
2382
2400
2404
2409
2411
2416
2444
2449
2456
2463
2469
2473
2475
2498
2535
2544
2558
2561
2582
2588
2598
2618
2629
2644
2648
2652
2672
2685
2714
2718
2723
2740
2742
2780
2786
2797
2826
2830
2853
2865
2876
2886
2900
2908
2911
2950
2977
2978
2990
3009
3034
3049
3050
3058
3062
3068
3077
3089
3095
3116
3152
3153
3154
3155
3165
3206
3208
3228
3380
3426
3427
3428
5034
5035
5036
5038
5041
5044
5074
5143
5268
5270
5421
5423
5425
5430
5432
5434
5436
5458
5459
85099
